548 515 562 550 561 553 573 531 566 516 529 544 557 540 536 518 528 551 518 545 543 544 537 527 531 543 526 533 550 554 550 532 555 555 531 513 544 544 541 527 528 563 545 559 528 536 506 545 513 545 560 547 560 555 537 555 537 489 577 535 542 521 545 568 517 587 548 504 550 525 521 515 550 557 566 515 544 516 544 539 552 535 507 527 509 510 532 524 554 561 525 532 529 532 544 542 532 549 468 526 536 515 551 535 545 502 538 524 583 537 541 513 529 512 563 546 527 545 557 557 560 538 525 584 517 547 553 531 
511 484 519 504 528 526 524 485 525 485 502 493 506 496 481 484 480 511 470 518 501 489 505 494 510 496 475 495 501 507 516 484 495 517 489 463 528 499 500 479 503 504 509 505 488 494 467 489 478 509 511 491 521 517 484 506 491 458 540 482 510 492 507 512 476 544 499 475 516 488 471 475 509 518 517 474 491 483 502 504 523 497 469 484 475 463 483 499 511 521 487 499 470 479 492 497 503 508 439 471 497 479 487 490 492 468 499 479 528 492 495 474 500 481 513 504 493 491 511 505 520 506 506 539 500 506 499 516 
529 511 542 527 543 537 547 498 541 516 514 518 536 511 504 501 502 535 502 528 516 511 517 515 518 521 509 511 526 538 511 511 521 535 515 492 543 527 509 499 514 532 508 538 504 497 499 510 491 528 551 509 534 526 507 524 516 473 562 523 522 513 510 550 482 569 528 499 534 506 501 494 512 548 540 482 522 510 536 520 540 516 484 507 473 483 492 504 536 539 492 521 500 502 527 523 511 527 447 500 514 496 516 520 513 487 506 507 530 516 525 498 516 490 534 526 515 516 521 527 543 518 518 559 505 527 523 518 
579 567 590 596 604 576 594 562 610 556 581 572 593 580 556 544 545 576 553 590 573 570 570 574 572 577 562 568 583 591 574 566 568 600 563 532 589 594 570 531 574 583 579 595 561 560 537 571 545 593 591 565 599 575 561 592 568 525 607 568 585 552 585 598 543 615 589 546 584 559 546 542 580 589 592 534 594 550 577 571 601 573 542 560 525 529 555 555 583 600 554 567 534 556 581 587 563 570 497 552 581 548 565 570 576 533 565 561 607 563 579 543 564 545 588 586 564 578 570 587 588 572 576 609 563 581 590 588 
494 469 508 504 514 513 517 495 526 478 510 489 513 483 476 457 474 497 471 494 493 496 487 501 479 501 495 491 502 513 502 497 490 513 492 465 511 512 490 471 496 493 493 511 484 497 459 489 477 498 517 503 500 527 487 510 494 475 524 496 500 464 508 525 462 535 520 469 516 468 473 462 489 505 503 454 513 471 489 480 516 496 446 480 465 446 472 489 525 520 481 499 463 490 503 506 493 493 446 479 505 488 492 478 484 463 492 495 523 495 500 478 489 477 506 480 481 506 499 512 505 510 490 540 484 518 516 504 
533 509 544 557 566 542 551 496 571 485 551 519 547 527 513 499 502 539 516 540 531 513 519 540 530 525 540 524 538 539 533 539 517 550 532 492 544 538 549 524 542 554 521 535 514 507 494 520 520 536 548 543 536 559 530 550 531 491 554 525 528 528 533 562 484 565 548 510 545 511 507 497 530 543 533 513 530 517 532 542 538 521 499 511 490 466 510 522 545 566 509 535 511 512 534 527 528 533 443 515 530 516 523 517 537 507 527 513 553 529 524 513 536 514 540 528 508 534 530 535 544 543 540 577 508 549 527 539 
522 510 529 529 542 528 542 502 565 520 518 513 542 524 509 503 506 541 508 545 510 512 522 531 512 523 516 515 517 548 526 529 526 536 511 490 539 526 522 505 518 520 509 546 508 502 491 517 503 535 544 519 540 540 521 529 520 479 560 501 514 497 523 550 499 556 538 490 540 496 497 495 531 534 535 493 516 501 519 520 548 520 496 506 481 481 503 519 537 542 505 524 512 493 524 532 494 533 451 508 505 500 519 514 531 484 515 502 544 516 520 485 506 518 547 519 497 530 533 520 545 516 516 548 514 531 532 518 
506 490 515 528 533 519 536 494 529 477 515 498 512 479 499 483 484 529 480 532 508 498 518 498 521 515 493 494 526 512 516 508 495 522 505 480 531 514 522 499 504 526 505 506 493 495 472 502 492 525 520 498 538 524 493 534 501 460 553 508 521 495 526 545 456 565 502 479 527 486 500 477 528 526 528 484 519 483 532 503 529 492 478 505 476 458 484 491 520 529 493 504 474 480 501 523 497 523 434 486 518 477 504 494 508 469 492 484 532 513 512 473 509 478 510 522 485 507 514 512 527 521 524 545 498 508 511 508 
531 522 544 550 554 542 542 511 564 506 520 525 546 515 516 512 508 547 507 554 515 527 530 536 533 540 517 513 539 542 525 538 529 536 525 500 545 529 534 519 524 542 529 532 507 508 491 531 514 546 550 536 558 548 520 543 525 487 578 524 527 515 539 558 507 584 559 501 552 504 518 499 524 556 538 507 545 512 552 519 550 518 491 515 490 474 499 511 549 547 505 538 502 515 535 532 519 549 457 503 534 510 529 510 514 503 515 518 556 530 526 503 530 520 564 528 516 523 559 551 560 544 527 562 528 545 531 528 
534 516 535 553 550 541 554 500 546 511 527 526 538 520 514 500 511 544 512 561 544 521 526 522 528 523 520 520 553 552 526 521 542 553 525 508 536 535 528 516 515 547 526 540 520 521 501 519 508 542 555 523 563 553 523 545 520 501 566 541 535 529 538 567 489 575 557 523 552 517 522 496 536 552 549 497 545 515 546 522 532 524 503 520 514 482 514 516 549 552 509 542 507 512 536 544 519 523 452 503 530 501 524 525 517 503 526 516 549 533 533 513 526 498 553 532 523 534 543 546 551 549 522 568 514 547 541 532 
576 528 580 577 575 569 591 553 596 540 544 570 558 555 555 514 538 567 547 574 554 554 558 556 561 555 549 536 576 594 571 560 556 569 572 536 580 586 553 534 564 575 551 557 547 552 534 552 539 579 572 558 591 577 544 592 549 526 594 560 560 542 560 584 517 600 577 528 597 538 544 529 563 589 577 518 559 533 564 552 588 556 516 547 523 508 545 538 567 572 550 567 519 542 563 584 537 562 499 538 558 520 548 549 570 514 552 536 590 567 554 538 555 539 580 564 552 569 573 545 580 565 565 592 558 550 576 564 
493 479 507 497 505 492 514 473 504 458 475 494 496 471 489 458 470 490 468 504 484 478 481 485 488 476 476 480 481 520 486 480 485 497 474 448 488 508 472 480 487 500 477 493 477 475 453 483 473 501 508 487 502 504 493 500 471 458 507 488 483 472 502 511 456 523 499 463 509 470 477 466 489 498 495 458 494 468 491 476 505 481 456 475 465 452 468 473 518 501 484 481 464 478 493 488 479 492 418 478 489 458 480 477 487 449 482 486 522 484 483 452 480 469 500 476 469 482 504 490 506 493 480 515 485 489 509 496 
511 505 527 536 537 528 540 498 548 476 504 502 533 504 506 487 491 536 490 532 514 513 504 503 523 511 500 507 526 524 517 508 505 516 508 483 533 514 510 498 512 532 502 533 505 501 478 505 483 531 543 513 533 520 502 516 505 477 534 516 526 503 526 544 478 572 525 492 529 493 495 489 531 531 519 491 516 502 529 522 530 499 475 496 484 470 500 498 529 540 490 518 478 511 511 516 511 513 452 503 517 491 518 496 518 478 523 513 532 518 511 487 515 495 525 521 506 511 532 541 536 513 501 560 505 524 520 520 
525 512 532 536 540 515 548 506 535 498 518 527 532 501 495 494 487 533 505 527 506 497 512 517 524 522 508 515 526 543 512 508 512 529 522 478 536 525 506 491 511 539 514 522 512 507 489 516 502 530 530 509 544 516 490 540 514 478 551 523 518 509 531 546 478 570 518 484 536 496 496 491 526 536 528 498 531 507 533 518 561 511 474 509 479 469 494 505 530 545 483 539 485 510 521 524 504 536 450 504 525 489 502 510 525 493 509 517 530 511 508 491 509 505 530 517 498 522 539 522 531 507 522 545 509 529 522 529 
526 501 543 539 548 533 551 511 556 510 524 521 535 518 515 494 495 535 505 552 520 506 534 526 531 527 520 526 515 542 542 512 525 537 527 488 542 538 530 512 534 542 525 545 506 523 490 517 510 531 539 514 557 551 506 538 530 489 552 529 517 522 527 541 488 568 536 508 538 520 495 520 533 532 544 507 530 509 523 526 550 530 492 521 493 470 495 506 542 563 508 524 498 514 528 528 527 519 459 505 529 509 524 521 522 480 520 503 575 515 517 499 524 508 544 532 521 525 538 536 534 532 521 563 526 544 520 536 
527 514 544 538 538 526 542 493 541 498 534 519 524 528 493 491 493 528 507 543 525 506 517 515 527 522 532 505 527 540 524 518 530 537 504 495 535 530 510 511 532 541 515 530 511 505 487 511 512 542 545 520 536 533 518 530 518 491 556 520 518 525 536 548 489 559 530 508 530 506 512 504 525 537 521 490 528 510 528 514 537 505 484 516 504 467 497 498 528 558 498 522 500 505 530 529 522 523 447 508 512 488 524 520 501 491 512 510 550 517 517 493 512 504 532 519 518 518 542 534 536 543 519 571 520 532 537 524 
518 502 546 527 539 540 536 493 541 494 510 516 540 518 502 494 485 529 513 518 519 503 512 512 523 515 504 500 528 525 515 507 511 540 525 487 540 522 519 496 513 531 507 517 497 500 477 526 495 525 542 514 539 524 505 521 510 472 552 507 513 515 523 539 483 557 513 504 521 496 498 489 524 539 521 485 524 498 520 513 531 514 473 497 483 469 490 507 529 519 493 529 496 502 514 522 508 514 450 493 523 490 513 496 514 492 512 494 537 514 536 489 509 496 541 528 509 511 524 517 533 523 510 560 514 533 507 521 
507 474 508 515 536 510 534 478 523 472 499 493 508 478 486 478 480 500 486 513 495 494 495 483 490 506 490 503 510 513 500 492 493 505 492 465 510 505 499 481 502 518 502 517 492 494 464 503 485 503 500 495 520 522 492 530 497 453 538 500 498 476 524 527 473 537 509 476 517 479 473 477 504 509 515 468 510 490 509 504 528 497 475 482 479 452 489 488 503 521 475 506 470 479 513 514 496 508 430 487 498 483 498 501 493 465 497 482 517 494 514 471 506 480 523 508 513 500 493 490 520 504 510 541 499 512 497 499 
522 500 534 529 553 535 545 499 552 493 510 521 524 507 504 490 493 531 500 528 516 507 527 522 518 497 502 502 532 548 530 505 522 537 505 491 532 526 518 498 510 528 509 529 501 514 471 504 502 521 544 507 553 540 503 531 509 479 553 514 509 513 520 550 473 558 518 508 532 504 499 498 526 529 526 490 516 497 526 512 541 515 487 511 486 493 496 499 528 537 504 521 499 501 515 513 515 505 460 507 496 493 520 504 521 489 504 494 547 505 506 487 514 498 529 511 512 522 534 528 533 521 518 547 526 517 536 527 
491 479 503 505 523 509 512 469 516 477 494 485 508 489 478 451 452 508 466 527 489 483 481 495 492 491 486 480 501 513 499 491 473 492 467 452 506 497 482 474 483 480 495 510 484 471 454 480 475 494 512 481 510 504 489 504 475 467 516 486 492 477 500 519 458 530 497 459 512 473 454 458 502 515 481 454 494 469 484 493 522 477 465 493 453 455 476 487 505 512 469 485 461 474 498 496 492 496 428 468 502 469 482 473 481 463 489 482 505 491 502 455 494 473 500 491 480 491 496 500 507 488 495 537 487 504 493 498 
517 501 532 536 535 531 545 496 545 491 502 532 521 506 503 493 484 535 505 532 518 507 520 506 530 506 491 519 535 538 522 518 513 538 518 480 532 519 513 499 517 527 510 517 504 515 480 511 488 524 521 515 542 532 504 532 509 478 543 526 522 500 529 542 477 560 523 486 540 512 505 494 527 542 519 483 522 503 525 505 542 495 474 517 486 454 489 502 537 535 490 528 490 507 522 523 513 519 448 508 517 486 514 503 513 475 513 512 529 504 516 494 518 500 528 514 510 526 538 518 538 526 513 544 512 524 536 523 
518 506 537 532 543 532 533 498 545 505 530 513 537 512 513 485 493 522 498 527 514 506 496 520 508 507 514 499 517 542 533 504 504 528 510 474 533 530 512 491 518 520 532 522 500 501 484 496 503 531 538 514 531 532 513 537 505 478 548 508 511 510 532 544 478 540 526 499 532 496 490 488 505 531 533 490 530 485 523 517 538 503 490 491 495 474 486 509 520 536 508 519 482 486 525 523 501 508 441 488 519 489 495 499 518 483 514 483 547 514 514 488 522 514 543 510 507 526 530 524 535 519 517 541 514 521 523 517 
511 508 533 526 533 515 540 507 536 487 504 514 518 504 493 474 490 514 487 518 488 493 503 520 522 515 483 501 505 531 511 509 497 518 501 462 513 519 487 483 508 514 506 520 487 509 481 505 488 515 511 503 527 517 494 516 492 473 543 506 511 485 535 531 472 548 518 491 530 488 487 493 512 534 509 486 511 498 519 503 539 497 466 500 482 465 490 493 535 539 492 509 500 497 526 502 507 516 438 486 505 496 509 503 513 478 498 490 535 512 504 481 508 504 532 507 495 502 530 514 524 507 504 533 492 515 508 513 
516 511 523 529 530 521 534 499 543 485 509 517 511 504 482 471 501 511 496 519 517 506 508 503 515 505 509 491 519 523 525 502 513 518 507 489 517 518 518 504 502 529 510 516 492 499 466 502 503 527 535 507 529 534 505 534 502 470 544 504 504 500 518 537 474 546 517 487 531 499 503 490 510 524 521 493 520 501 515 508 524 506 482 500 485 469 496 492 519 524 490 504 485 482 524 516 504 524 433 496 510 475 504 506 510 481 495 502 542 509 498 488 503 498 516 498 495 504 529 519 532 515 508 550 508 520 529 503 
512 504 545 533 548 541 539 500 542 509 523 508 522 520 501 496 496 549 498 542 516 512 519 522 536 516 516 521 514 551 540 503 506 538 505 495 548 541 508 516 525 531 512 537 493 520 494 509 507 530 546 520 555 537 515 547 505 495 566 522 518 521 544 555 486 562 527 516 536 512 510 507 530 535 522 500 533 502 524 530 548 526 482 506 499 479 490 505 530 542 490 527 499 507 532 531 516 514 464 502 526 496 514 511 524 490 525 499 562 509 535 495 527 505 548 525 510 511 521 541 545 526 525 567 526 527 527 526 
516 488 510 522 537 502 515 482 542 488 508 507 516 494 490 483 481 516 481 517 497 492 501 499 497 502 499 486 494 504 501 490 506 520 508 471 515 516 517 471 499 527 507 516 480 492 475 509 486 514 514 493 520 523 490 509 510 463 527 510 487 507 516 529 449 540 523 499 512 481 480 480 515 532 508 487 507 496 519 503 529 502 475 491 481 470 473 496 517 524 477 514 480 489 514 499 504 512 415 480 509 471 502 500 512 482 496 469 531 490 511 488 509 479 525 503 487 496 508 512 516 508 513 539 489 507 499 510 
494 473 504 497 506 502 505 476 509 458 506 485 500 489 478 452 473 502 484 500 490 482 496 486 483 483 475 478 494 507 488 477 481 504 478 456 500 501 489 476 488 498 478 500 489 480 455 482 475 505 517 479 508 511 481 504 483 452 514 494 490 484 520 516 454 518 504 473 503 483 464 471 495 507 496 454 496 467 490 495 505 476 455 484 457 447 482 464 487 517 473 504 464 474 487 499 488 482 418 477 492 474 485 494 491 468 477 487 499 489 482 465 479 466 493 487 484 498 492 494 497 496 499 519 487 511 503 492 
542 503 539 530 544 536 565 502 543 499 518 522 519 513 505 494 498 527 493 531 523 515 520 511 506 510 509 504 527 541 530 528 521 526 521 501 544 543 508 517 523 535 505 530 506 511 474 516 498 536 532 519 537 534 508 546 510 478 568 514 514 497 532 554 483 559 515 510 543 519 512 489 521 532 546 496 531 495 523 524 547 527 480 502 494 479 494 499 542 539 510 521 500 499 518 533 506 526 472 501 516 495 523 518 533 490 503 515 554 521 513 493 532 498 543 531 510 517 537 517 538 530 528 564 535 515 535 518 
533 510 539 531 548 534 550 497 542 495 518 535 525 504 503 477 495 526 508 522 525 510 509 522 509 512 518 513 534 552 518 524 513 531 523 472 531 523 520 493 512 528 523 513 517 510 484 518 504 527 540 520 548 536 525 528 502 488 549 525 522 506 537 556 485 549 536 499 551 494 500 482 524 540 520 490 530 507 526 515 543 509 470 512 483 482 497 512 534 538 513 525 505 507 527 539 520 529 448 510 522 494 511 520 526 498 517 498 551 524 512 499 517 504 532 528 508 511 529 518 538 514 526 560 517 532 530 510 
513 503 505 518 529 517 528 478 533 481 499 509 507 491 494 479 496 522 501 530 515 506 504 499 505 489 497 504 522 528 509 511 505 508 502 468 513 509 507 501 512 516 493 521 492 499 461 494 482 520 527 500 541 534 509 513 490 471 533 507 496 486 502 539 464 553 518 494 535 504 495 472 524 522 512 476 510 489 504 498 514 513 478 490 491 463 491 489 532 533 496 505 490 494 512 510 507 504 436 497 498 484 503 502 511 481 492 503 529 497 502 471 515 499 507 505 500 501 516 520 520 504 509 538 513 517 524 506 
515 481 524 500 523 516 519 491 526 467 491 494 495 487 480 469 470 510 470 513 494 486 505 503 502 499 489 494 501 515 507 500 495 503 490 489 507 523 485 489 494 505 494 501 487 493 472 489 479 497 512 497 525 522 494 521 482 470 541 503 487 478 518 527 460 532 512 482 516 467 489 475 500 515 511 480 501 500 504 496 518 500 464 481 466 460 473 493 516 529 480 501 474 476 503 512 486 508 442 484 498 459 496 489 501 476 493 471 530 491 494 474 495 472 511 501 491 491 513 508 515 513 500 529 500 493 509 497 
526 497 537 508 544 537 533 498 544 498 517 522 509 497 501 489 496 538 491 537 504 501 509 506 520 508 507 513 531 537 523 509 520 524 516 495 535 534 511 491 525 525 512 518 523 509 490 513 498 518 528 526 541 523 506 545 521 481 569 525 516 505 544 546 480 556 523 497 547 509 513 502 519 531 528 494 532 499 519 504 551 515 490 511 491 479 494 503 515 541 494 523 496 494 522 530 507 531 442 492 520 476 513 501 517 493 506 502 547 529 511 504 501 485 537 523 513 508 526 533 541 530 531 563 511 515 522 515 
525 511 535 538 557 529 551 511 545 497 508 527 524 512 510 495 495 529 506 536 528 511 517 517 514 539 523 526 530 543 528 520 528 537 530 487 529 539 518 508 524 546 521 528 499 517 478 524 495 545 545 528 551 547 508 539 527 482 561 526 527 501 526 547 481 573 541 492 537 512 510 493 519 533 547 499 535 501 535 530 552 525 489 515 499 481 500 507 543 545 511 514 498 517 539 535 498 525 441 490 527 500 524 524 527 499 505 507 568 516 538 503 528 498 535 525 525 522 532 546 530 531 521 556 515 537 524 521 
525 493 530 510 532 536 530 505 545 503 513 514 522 516 499 472 482 524 494 531 510 501 514 510 516 518 502 512 531 529 512 511 499 524 519 474 527 534 504 497 524 513 507 528 507 496 480 513 490 531 540 517 545 523 507 537 503 494 547 530 512 500 509 535 483 547 527 499 532 494 495 487 511 529 529 485 532 501 520 498 534 519 465 501 483 468 506 502 533 539 507 523 485 498 525 538 514 525 449 480 521 482 509 504 509 491 522 506 552 514 514 509 504 487 534 510 511 512 519 534 534 515 512 554 510 525 523 506 
514 502 540 544 542 526 540 521 549 498 521 518 526 509 505 489 498 527 505 546 514 506 532 526 532 528 511 518 530 529 519 501 509 531 521 502 536 541 510 510 519 523 513 531 499 519 476 520 496 530 528 520 546 542 512 550 511 483 555 517 512 504 546 556 473 562 536 494 548 489 514 493 517 540 532 486 518 508 529 525 539 512 489 511 496 480 498 493 540 535 493 526 490 496 528 538 507 534 445 500 540 491 522 503 524 497 516 499 535 509 520 491 526 498 544 516 513 521 532 529 527 523 527 549 514 528 528 543 
512 491 516 532 525 505 525 481 538 499 496 490 510 497 500 481 491 518 484 531 503 484 529 496 515 503 498 496 511 528 501 490 499 543 516 495 517 516 512 481 517 516 489 513 491 503 469 507 480 513 511 508 534 532 497 521 509 460 544 503 524 504 517 529 471 564 516 494 530 473 510 463 508 519 525 484 522 500 518 512 536 503 481 493 482 459 481 499 524 518 482 522 481 484 502 520 503 503 430 496 505 482 505 499 507 473 499 496 530 500 504 470 501 477 519 513 504 511 512 514 519 513 514 522 501 509 518 510 
518 506 525 522 536 529 533 489 548 501 532 518 519 506 507 500 498 533 491 525 523 509 516 527 521 511 506 504 522 531 505 498 505 538 512 479 527 517 513 484 519 541 516 540 498 506 500 505 484 529 532 517 543 518 513 532 495 476 538 523 519 502 530 529 476 565 523 496 528 489 503 492 530 537 526 482 516 488 523 510 537 509 473 503 488 487 495 499 531 546 501 511 505 509 512 515 505 523 440 498 509 493 500 507 526 496 508 488 545 514 514 491 506 493 523 516 509 508 526 521 532 515 525 547 500 526 530 538 
506 485 514 518 524 498 528 485 525 474 488 499 496 489 499 488 492 508 482 510 514 487 497 475 497 497 491 499 517 518 498 486 513 517 495 468 500 507 495 479 494 520 490 519 492 489 465 481 462 524 508 501 525 513 493 515 493 459 527 494 501 479 506 530 473 531 515 486 510 480 487 468 509 524 518 468 503 490 501 487 510 496 472 492 478 458 486 479 502 528 483 506 464 499 501 506 500 499 434 481 504 467 495 510 496 466 508 495 530 495 501 471 512 486 515 497 498 495 518 522 512 491 478 541 494 499 513 507 
528 491 529 517 554 522 535 506 546 498 517 503 524 505 508 487 480 508 479 523 493 508 521 519 515 512 502 510 524 532 518 517 519 530 504 484 525 520 511 487 509 523 517 522 505 488 476 520 499 518 526 520 542 538 493 532 512 471 548 510 524 484 520 541 481 559 524 485 534 488 486 495 507 529 532 473 518 502 531 514 536 513 492 503 466 474 481 499 529 545 490 513 487 505 529 521 515 525 438 487 519 486 520 503 492 474 494 504 539 514 511 483 498 499 520 526 507 516 515 515 537 521 516 552 503 515 528 513 
558 561 590 580 588 580 590 549 585 558 562 561 579 564 548 530 545 575 541 585 559 538 565 555 572 555 561 567 567 578 576 545 546 584 577 537 581 572 555 531 578 555 567 579 565 559 518 562 543 577 578 562 585 578 556 582 562 508 600 552 564 541 576 595 522 604 565 543 580 543 542 537 560 590 581 535 564 548 566 563 587 559 532 548 511 511 534 565 581 580 549 574 553 551 574 575 563 571 473 542 553 534 569 558 565 534 567 545 596 542 556 521 577 559 581 569 554 562 566 562 579 556 565 592 552 555 573 564 
508 489 520 517 522 513 535 506 532 492 507 497 511 501 495 466 481 507 485 505 501 506 511 511 499 491 492 491 509 528 515 502 498 514 494 476 520 516 495 495 517 496 496 526 496 495 466 512 481 515 519 501 522 537 501 518 489 463 533 503 502 481 511 532 465 542 502 479 517 482 482 475 499 521 523 483 514 477 507 512 522 504 468 495 472 474 493 498 518 508 486 502 494 487 507 501 500 499 427 481 494 476 505 495 498 464 491 482 530 492 501 477 508 489 524 508 489 505 516 507 520 499 500 542 492 511 512 504 
544 525 560 540 552 540 571 511 553 518 539 530 542 525 528 505 513 541 510 549 521 523 531 532 539 528 521 528 544 567 521 530 528 543 527 479 549 537 521 508 547 549 533 543 523 528 513 530 505 547 561 531 570 537 521 543 521 493 563 537 527 511 546 564 497 578 551 514 560 510 509 504 530 555 551 504 549 509 537 539 554 527 498 511 498 490 505 508 566 568 514 543 516 532 541 542 519 533 463 515 536 512 532 528 540 498 537 527 548 539 536 507 538 518 543 538 526 543 557 539 549 522 538 570 540 528 558 549 
538 487 529 519 535 523 548 502 537 494 516 500 515 514 497 477 504 523 493 520 522 487 523 489 507 507 518 509 524 535 518 508 518 527 518 480 523 526 509 493 526 537 502 530 501 516 493 507 494 521 545 515 541 538 510 536 519 478 542 517 506 506 521 532 476 543 518 488 534 491 489 486 518 525 536 495 532 502 504 520 533 515 477 494 491 462 507 502 536 544 507 520 487 496 523 523 516 519 452 494 512 480 510 510 512 488 512 505 551 519 497 505 522 501 528 514 502 517 529 512 524 513 510 548 502 520 537 517 
495 496 534 531 537 520 523 480 519 476 499 506 511 507 474 478 478 515 493 535 500 490 496 505 523 500 489 506 512 521 515 499 506 514 498 471 530 507 509 489 521 501 504 507 501 491 465 499 496 502 520 506 519 518 473 530 495 455 544 501 504 505 516 530 463 547 511 480 530 491 488 484 499 534 526 474 520 489 506 510 525 495 485 494 455 447 476 483 507 526 468 509 477 483 511 517 492 509 441 494 509 477 509 486 500 466 505 490 529 504 498 474 513 480 522 497 493 516 510 518 529 501 511 552 504 508 505 505 
504 501 505 527 519 507 516 499 536 488 498 498 513 499 505 489 484 520 501 528 504 501 508 495 496 506 483 502 509 525 507 482 508 528 495 483 529 519 523 491 516 517 503 513 494 502 464 503 475 523 522 507 522 518 490 527 500 458 522 502 512 502 528 530 474 553 503 483 526 486 495 487 519 519 515 477 520 491 513 504 535 509 489 501 473 449 486 494 516 525 477 517 476 485 515 519 485 497 433 490 512 470 499 501 519 472 502 510 527 499 510 478 497 479 525 503 493 498 514 511 514 517 508 534 502 523 506 509 
502 495 531 513 523 514 528 493 529 482 503 510 523 497 507 497 489 519 491 521 508 487 513 505 502 504 505 511 509 528 517 494 498 515 505 468 524 506 506 492 503 524 511 510 493 502 468 502 475 518 525 509 528 520 500 526 498 457 530 500 511 496 526 529 487 539 530 471 534 475 485 468 506 510 517 480 508 499 523 504 527 500 485 505 475 474 480 492 516 532 502 513 471 506 515 521 498 515 440 489 506 480 497 492 502 485 514 493 541 505 496 487 512 502 514 509 490 509 530 525 526 506 499 542 497 511 527 514 
545 534 558 544 561 559 567 517 556 525 548 543 559 533 522 530 511 556 519 548 546 530 541 557 537 535 528 532 548 566 539 541 533 557 536 497 548 555 534 521 536 556 536 558 532 522 514 532 529 543 571 544 572 554 547 551 525 503 577 545 541 531 556 579 507 584 540 529 557 517 533 510 551 571 556 514 560 532 567 529 554 532 523 527 518 507 509 538 556 555 517 552 525 518 562 549 535 542 459 517 542 510 534 521 529 516 537 521 565 527 540 510 532 519 552 540 516 535 544 554 571 552 542 577 526 541 551 551 
532 496 523 540 541 515 528 496 549 507 501 514 516 511 493 480 479 520 500 537 508 501 518 514 516 524 497 515 507 540 527 516 508 533 506 476 527 525 512 496 514 520 511 518 486 506 462 495 482 512 526 518 534 546 509 511 504 475 537 507 517 497 523 520 473 563 526 502 530 493 497 491 526 529 522 484 523 486 514 507 538 495 481 505 487 474 462 509 522 528 494 513 496 482 509 515 500 521 437 505 521 489 518 498 516 487 495 479 540 490 508 474 521 495 517 508 505 514 525 519 536 512 521 533 523 517 519 518 
518 513 537 548 559 537 558 496 547 500 517 525 529 520 508 501 516 528 500 554 532 514 518 523 524 535 528 509 523 543 539 513 526 533 516 492 539 535 516 512 514 545 523 522 501 512 473 500 499 537 557 527 556 548 506 538 499 479 557 509 529 510 526 542 486 579 540 508 525 509 503 502 533 550 548 483 523 501 526 532 552 526 503 498 490 484 503 500 537 546 496 525 496 511 532 528 513 533 459 521 537 505 520 514 521 503 520 506 552 516 510 494 540 516 529 529 504 529 537 532 551 527 520 571 527 521 530 548 
513 500 525 516 532 524 520 474 533 487 516 515 520 500 481 464 482 511 490 519 505 500 499 506 517 507 499 499 519 520 509 517 506 524 506 480 529 517 522 485 503 518 505 507 508 517 463 516 507 510 524 516 529 523 485 523 504 479 545 525 512 496 532 536 465 552 505 486 523 486 506 487 525 522 508 488 524 491 525 503 528 503 477 501 474 463 479 501 525 523 491 507 490 487 503 514 500 518 440 487 501 485 500 490 509 480 509 486 535 498 496 491 495 488 528 518 488 509 510 517 536 521 522 544 494 513 527 505 
523 499 538 497 522 522 524 499 536 494 516 505 517 500 490 479 480 531 490 518 506 489 508 515 508 505 498 495 502 525 497 506 498 524 514 466 517 519 505 493 498 531 494 504 480 488 479 496 495 520 535 503 529 517 507 505 494 470 540 503 499 511 505 540 480 539 519 490 514 495 483 486 517 519 513 470 524 489 521 495 520 494 469 495 470 456 471 490 513 538 491 509 489 491 510 505 497 518 433 497 507 486 501 511 499 476 506 485 541 507 500 471 499 500 521 497 497 496 516 526 518 486 512 542 489 510 510 504 
494 473 505 511 516 502 509 489 529 479 490 486 498 484 477 476 458 505 484 507 494 483 490 481 477 482 475 487 492 505 504 490 486 508 499 460 508 485 486 485 486 504 494 496 468 492 446 490 464 499 502 489 500 516 480 504 496 455 503 488 484 475 502 522 457 535 510 463 512 470 471 456 485 509 500 455 491 484 494 491 502 481 455 480 468 444 467 486 515 507 471 491 467 477 482 496 485 490 421 470 493 473 481 480 501 456 488 479 516 494 478 471 499 480 506 468 484 487 502 489 501 484 493 523 475 503 482 500 
502 499 532 519 540 538 542 493 538 499 509 507 527 493 497 476 488 527 502 527 508 504 531 505 518 506 508 539 526 537 521 510 523 528 514 478 536 529 520 493 518 519 513 532 504 513 480 511 495 528 528 511 537 537 511 530 515 480 554 519 518 498 524 530 468 546 533 506 545 491 503 493 516 530 530 495 525 495 524 511 526 504 487 509 486 460 503 511 536 532 504 524 478 508 529 518 505 502 445 481 513 484 520 513 515 488 504 501 550 511 518 495 509 491 530 512 515 514 520 515 529 525 516 558 522 533 519 510 
558 532 562 543 572 559 554 527 582 544 522 562 557 540 529 512 518 555 536 567 540 537 545 536 546 538 532 538 546 574 557 535 524 557 555 511 562 558 539 526 552 547 548 546 547 548 507 538 535 549 569 546 576 557 520 558 545 509 586 553 535 538 557 576 520 577 558 522 572 527 534 520 551 559 558 518 564 526 550 544 575 544 511 541 509 498 525 540 555 565 526 556 521 526 554 562 528 553 484 530 548 518 537 532 551 531 553 527 575 558 544 521 531 526 573 547 542 537 545 550 564 537 555 589 551 545 554 544 
526 489 528 514 544 528 540 498 548 507 523 525 534 503 509 490 496 538 506 523 522 511 515 506 510 517 504 514 527 528 509 513 519 528 520 494 529 523 513 513 507 541 515 525 525 515 481 532 502 530 531 513 546 531 518 540 513 481 557 519 510 512 526 535 495 555 519 489 537 500 496 493 517 534 526 492 533 504 525 506 533 506 475 525 486 468 496 503 531 529 519 536 493 516 519 529 532 540 448 502 509 492 524 519 516 486 494 510 540 511 506 496 516 510 535 512 501 518 542 515 526 525 518 550 518 525 531 519 
486 483 499 501 507 496 516 463 500 451 494 471 492 470 466 457 475 489 460 496 480 475 478 480 487 480 472 466 499 495 477 474 473 498 467 455 481 494 476 464 483 489 472 492 472 470 453 474 463 489 500 467 505 493 481 503 476 455 515 465 469 458 493 507 452 513 489 458 501 465 464 450 491 483 487 450 495 476 477 483 503 480 451 462 440 439 471 465 499 510 472 480 460 475 475 480 482 488 420 471 474 458 465 487 477 449 481 478 497 477 479 459 489 460 486 478 473 477 490 486 491 491 487 515 478 484 496 496 
536 495 529 535 555 524 535 508 556 500 535 523 529 515 504 496 497 526 500 538 522 515 520 519 520 531 519 516 517 540 530 519 513 541 516 481 536 525 503 506 512 531 527 521 517 519 480 517 499 527 547 531 540 546 511 541 518 487 561 523 524 490 530 551 484 575 534 477 541 498 499 485 528 539 513 498 522 499 515 522 553 516 493 506 502 486 500 513 543 545 518 537 509 512 528 524 521 536 455 506 529 505 512 508 519 491 513 516 538 523 520 497 535 508 547 514 496 535 547 524 538 530 508 557 516 538 540 520 
537 511 554 542 560 528 562 511 568 497 524 523 544 518 520 518 510 535 506 551 523 520 524 518 517 520 525 515 532 545 525 522 523 530 522 498 547 521 521 500 531 542 522 549 512 510 492 522 490 533 547 531 542 548 524 545 530 474 555 526 532 509 535 548 495 560 543 504 544 513 499 486 520 539 537 509 536 519 534 533 555 516 497 513 497 484 506 513 545 548 517 525 504 516 528 545 523 532 452 501 519 496 529 529 519 498 522 512 558 535 526 511 532 515 543 531 525 531 544 531 550 510 520 557 507 531 547 524 
525 498 521 525 540 523 543 508 548 491 504 521 530 506 503 496 495 530 480 524 518 498 514 516 510 522 508 487 519 527 520 514 502 525 515 493 529 518 518 493 517 528 511 523 505 497 484 525 512 520 533 507 541 533 506 544 519 465 565 513 513 503 524 543 472 548 527 486 539 486 500 492 515 526 533 505 521 503 520 514 543 519 473 493 485 475 494 504 545 543 499 517 494 499 516 518 494 526 458 493 515 492 517 496 522 500 505 490 555 522 511 494 517 500 539 522 500 502 528 514 535 517 524 552 505 516 531 514 
491 489 509 514 511 506 527 474 502 476 489 489 524 485 491 468 470 521 479 503 488 476 504 488 500 488 489 491 499 513 498 491 488 501 488 464 517 502 497 472 489 503 477 520 478 482 462 492 477 514 517 471 508 509 479 491 499 448 529 487 485 493 497 527 455 544 491 479 512 488 471 465 514 521 502 470 499 463 500 492 516 478 471 485 452 459 476 481 518 505 471 508 479 489 488 493 495 483 424 474 486 469 494 484 489 452 480 483 506 483 504 462 491 481 503 504 479 494 516 510 504 497 488 531 500 507 501 499 
549 519 562 562 567 556 575 524 583 522 539 548 559 534 536 521 532 553 521 564 548 539 550 547 547 545 537 540 556 564 564 554 545 549 547 525 570 553 562 540 551 542 544 559 537 538 495 554 521 567 555 549 566 578 541 565 531 509 591 555 545 535 559 579 518 606 561 537 575 533 539 508 545 573 562 533 559 539 558 539 579 550 515 536 540 510 526 535 565 560 537 552 529 520 554 551 546 566 470 532 549 504 545 525 533 520 540 533 589 555 541 525 561 535 576 546 538 548 563 563 574 560 549 591 545 556 558 548 
512 486 522 538 538 529 542 497 530 486 520 510 522 488 484 483 487 528 497 523 500 493 506 500 501 511 506 499 516 541 523 502 499 518 502 481 522 511 507 504 514 529 522 523 490 510 480 509 477 531 535 511 538 532 509 530 496 468 540 520 505 489 533 533 471 559 522 482 530 497 503 493 513 532 524 496 531 492 528 515 538 502 478 505 487 468 482 500 531 538 487 516 490 496 512 521 498 523 440 492 520 492 504 500 522 495 498 497 547 502 511 494 513 498 520 507 511 510 533 523 521 508 525 546 515 522 527 529 
534 506 540 518 537 523 531 487 540 496 517 524 515 511 495 500 507 543 500 521 513 505 528 509 510 524 517 511 510 528 519 505 519 537 528 494 529 518 519 500 512 546 508 522 500 519 493 520 504 538 546 510 546 537 522 527 522 482 567 515 505 525 529 548 488 569 523 507 522 502 524 497 536 543 534 509 531 505 523 512 552 512 471 508 489 478 487 504 532 537 492 530 505 513 506 516 506 538 448 518 519 493 522 524 524 504 505 502 559 513 510 494 510 497 529 516 501 515 535 537 527 517 530 555 503 514 533 533 
515 495 513 522 524 524 531 496 536 494 504 517 515 493 493 474 493 517 486 529 497 498 506 509 505 513 515 506 511 536 512 502 502 524 492 487 516 511 487 482 508 517 499 523 505 490 472 500 490 531 529 501 518 516 504 522 506 476 550 510 501 487 529 538 476 553 508 481 536 472 504 487 511 524 526 472 532 486 517 508 533 504 469 493 475 461 487 493 531 527 485 504 491 494 517 520 492 505 455 493 503 481 500 499 508 469 497 509 536 506 502 468 504 485 521 499 498 516 526 510 542 507 495 548 514 507 531 512 
527 482 519 516 533 530 536 498 540 503 502 520 515 505 507 490 493 519 499 530 517 506 518 513 494 509 512 506 531 532 519 505 503 518 540 484 533 516 502 501 508 534 503 527 498 500 468 512 499 533 520 518 545 533 500 536 503 473 561 505 517 500 525 565 478 557 535 498 531 501 509 485 523 530 544 490 516 490 536 511 534 519 472 487 485 490 497 495 532 538 494 526 504 502 520 534 515 522 442 502 517 482 508 503 517 494 512 503 543 509 508 492 505 499 546 520 505 509 526 515 530 514 523 546 514 530 528 508 
516 497 531 523 538 507 520 493 543 483 516 502 522 497 496 477 495 512 477 517 503 499 507 514 511 499 510 509 512 528 511 488 513 539 500 470 515 524 506 474 515 520 512 513 495 508 494 501 500 517 534 515 534 529 502 536 508 481 537 511 513 490 522 539 473 551 532 486 533 481 498 478 510 528 518 481 519 502 512 516 546 501 485 499 475 468 494 491 513 535 486 506 481 503 520 505 498 517 443 499 515 493 498 501 504 480 517 494 537 514 504 492 513 491 533 508 499 527 523 521 523 505 497 549 494 507 529 519 
521 500 522 534 554 527 542 506 549 501 513 523 525 513 504 488 485 528 490 544 523 487 521 518 508 515 534 513 521 543 529 519 509 539 530 491 532 535 519 502 512 535 512 530 502 498 465 509 509 543 532 523 535 559 503 548 515 471 551 513 525 503 519 546 480 554 533 497 533 511 503 492 517 534 538 493 519 504 538 522 544 512 492 496 481 477 514 502 519 540 486 538 493 487 528 534 504 515 438 485 509 496 509 513 517 489 511 512 542 498 514 491 522 508 535 531 496 518 523 535 529 515 528 552 524 522 518 520 
508 506 534 516 527 531 532 491 542 494 533 512 530 517 499 480 486 534 498 516 514 506 509 504 521 515 514 502 516 520 507 497 495 532 502 496 533 516 505 501 509 535 516 533 510 492 485 498 493 523 543 500 540 520 504 529 510 475 546 524 504 501 527 545 470 551 518 502 530 493 489 499 526 543 511 475 519 493 519 509 533 497 471 497 487 464 494 494 530 545 489 528 506 518 524 510 516 517 443 492 509 500 516 513 504 500 503 502 521 513 500 481 515 497 527 514 506 515 534 515 522 512 508 552 504 533 527 513 
505 481 530 496 525 504 524 492 525 480 495 515 511 506 476 469 476 507 483 507 499 494 504 496 500 502 498 508 512 529 519 493 493 501 505 472 512 514 492 496 506 502 504 515 489 499 459 493 490 514 519 500 520 522 490 528 496 466 528 506 504 478 522 526 473 540 529 485 512 489 488 479 490 522 511 474 504 480 509 503 524 502 459 497 480 453 473 488 512 535 490 511 478 485 513 525 494 511 449 476 511 479 492 497 512 485 491 501 536 500 501 474 499 485 513 507 499 510 504 511 520 499 501 525 520 508 521 499 
545 511 548 540 561 546 548 514 572 517 543 536 547 533 531 516 514 547 511 560 525 519 538 520 520 543 540 530 544 551 542 517 541 558 533 519 542 543 535 513 539 552 541 546 514 529 497 538 515 544 557 538 568 555 535 560 526 493 583 527 526 523 551 553 513 584 546 522 544 512 529 504 533 542 547 512 536 526 538 536 563 541 498 526 504 496 515 520 535 545 522 546 521 525 543 546 524 560 461 529 538 508 532 543 534 506 541 503 583 513 544 509 548 518 563 533 529 543 544 545 548 532 552 569 528 542 541 534 
511 488 533 530 523 521 536 491 528 485 497 502 520 506 504 484 501 515 496 521 507 488 525 496 516 500 510 502 525 534 516 502 512 517 508 477 524 518 507 495 523 519 501 519 502 490 476 507 497 536 543 499 545 517 505 533 501 477 555 517 506 507 519 526 473 549 509 486 530 498 491 487 511 522 522 486 507 517 508 523 527 517 473 504 479 460 484 492 531 532 489 513 477 506 518 521 503 510 445 503 514 486 508 511 515 470 519 499 547 507 503 490 510 504 531 510 499 514 517 508 529 517 510 545 500 517 521 519 
512 489 533 514 522 527 538 488 532 481 536 515 509 495 495 480 486 528 484 523 500 511 506 504 510 494 494 498 518 527 515 506 501 529 504 463 543 501 508 503 525 525 500 522 498 512 488 516 494 518 533 513 517 528 510 526 519 471 534 526 513 484 540 543 474 562 519 495 529 499 484 486 503 531 509 479 514 482 515 500 532 502 475 502 486 448 487 489 530 535 494 518 493 495 516 518 508 522 436 496 519 493 508 489 511 478 495 498 532 521 510 491 496 495 512 507 504 527 514 518 522 510 525 548 496 509 517 523 
492 482 503 502 518 496 513 470 512 473 476 478 490 490 480 478 462 506 476 501 488 483 504 483 484 488 478 471 507 496 499 493 488 497 493 464 503 499 486 469 502 508 479 496 474 466 460 474 471 505 505 489 516 507 478 497 491 442 528 478 498 479 507 524 450 524 485 461 512 481 479 468 502 503 512 473 511 470 502 487 509 484 465 476 462 446 469 478 499 514 467 506 471 488 492 497 475 491 427 470 481 446 487 475 490 454 482 476 522 491 481 470 481 467 506 501 484 486 499 497 516 510 488 525 479 490 495 488 
488 474 509 500 519 510 505 466 515 459 476 489 479 474 459 458 472 498 471 498 496 465 475 492 499 484 489 472 486 508 486 491 486 500 487 455 506 493 492 464 491 500 480 481 470 460 459 482 480 503 511 484 515 499 468 505 480 446 526 484 483 490 491 510 450 512 508 459 505 463 459 465 498 508 493 453 486 481 506 488 511 482 444 470 452 443 459 463 489 520 476 501 465 465 497 494 481 497 419 481 481 476 480 480 480 456 479 488 509 489 486 461 480 469 497 497 460 496 494 496 509 489 487 522 485 495 484 490 
526 520 551 548 572 533 563 507 564 516 529 537 549 509 523 509 499 531 516 548 529 531 531 540 518 532 537 535 527 554 531 525 528 553 537 498 540 538 519 509 521 559 541 542 520 532 496 528 511 541 545 541 545 561 528 540 529 472 566 536 534 518 542 556 496 579 563 506 554 510 517 501 536 541 543 508 539 503 539 532 550 511 504 512 506 483 506 523 563 544 510 541 504 526 534 539 519 524 449 519 528 522 523 523 530 504 525 516 551 525 526 500 527 513 547 523 522 544 551 545 542 552 527 566 522 543 537 557 
534 498 540 534 547 543 560 505 548 491 537 520 530 519 516 485 496 533 489 530 519 518 534 521 526 511 514 510 525 546 529 518 520 535 525 493 543 533 527 505 529 538 511 533 521 509 497 520 506 524 537 529 544 538 512 550 527 494 552 527 537 523 535 546 484 570 537 497 547 503 504 500 520 539 530 506 541 498 530 528 547 520 489 504 499 469 511 507 525 552 513 537 490 507 525 518 531 521 464 503 510 501 511 505 530 482 516 522 545 526 499 507 527 495 549 527 501 529 529 529 540 535 520 558 510 530 533 527 
519 511 549 539 552 536 556 507 552 514 523 519 530 510 503 484 499 530 522 542 521 520 519 515 523 508 518 510 538 544 525 524 527 536 506 497 549 539 540 498 525 533 515 527 495 508 481 513 508 534 538 526 533 535 511 535 520 486 550 520 506 522 528 553 481 558 547 500 539 517 498 500 530 533 525 489 539 497 539 512 547 516 498 513 492 479 498 506 526 551 496 516 492 494 535 533 510 532 452 503 516 477 524 505 523 490 522 508 534 528 520 505 518 503 536 524 516 527 528 523 539 522 532 559 511 529 531 519 
541 520 554 558 554 561 570 526 575 522 544 541 549 538 528 511 514 564 520 558 541 536 545 558 550 530 523 539 552 555 562 537 522 556 542 503 561 548 539 524 557 542 543 546 538 543 499 538 513 565 559 534 567 553 538 559 517 512 566 545 542 532 553 565 501 596 550 519 571 526 533 503 542 560 556 511 550 519 546 544 558 517 491 528 515 499 514 526 564 560 531 545 527 529 545 559 538 542 484 526 543 524 535 522 541 510 539 524 568 543 536 517 544 527 555 538 546 549 553 555 567 553 551 576 540 543 541 552 
506 487 524 508 514 497 516 490 519 481 499 479 520 499 487 471 467 507 481 502 476 488 506 498 482 501 486 499 504 522 494 502 503 504 497 458 509 510 484 470 497 518 493 511 484 489 472 494 483 521 520 490 509 517 494 498 490 470 527 487 483 485 514 521 466 544 519 469 519 477 480 473 497 509 507 481 510 493 510 500 521 487 473 483 463 457 488 483 506 523 468 514 471 489 505 494 479 509 429 480 501 470 482 500 495 469 497 487 522 485 492 481 493 478 516 498 486 499 515 517 499 507 507 531 494 507 508 510 
481 461 501 495 499 489 505 462 490 470 482 471 476 474 476 452 453 488 470 496 477 473 500 480 473 465 473 455 484 513 482 464 467 494 489 451 503 480 492 482 477 493 478 491 458 473 443 480 472 484 482 479 501 511 465 494 472 445 503 463 480 487 481 523 445 516 489 464 504 475 467 465 488 507 496 461 491 461 508 486 497 476 450 465 464 443 460 465 486 502 466 490 464 468 492 488 486 481 407 451 473 451 479 465 477 457 478 472 504 473 473 454 477 470 497 476 465 471 498 479 493 479 494 507 473 482 470 481 
523 497 538 516 534 518 541 501 535 492 503 518 516 503 492 488 501 530 493 521 519 514 503 504 511 519 506 516 525 535 521 509 510 525 518 473 530 497 506 491 520 514 506 528 490 516 490 507 471 531 538 514 536 531 501 516 500 469 555 505 535 483 514 534 481 567 514 497 526 485 482 464 526 535 531 484 519 490 507 505 550 522 475 485 481 483 495 508 532 532 504 522 489 509 500 532 512 514 443 498 520 492 508 511 514 484 508 501 543 503 528 483 520 488 512 521 509 517 521 529 526 515 504 552 515 512 542 526 
511 480 517 516 517 519 536 496 531 477 509 487 520 488 481 487 489 515 479 507 504 483 508 499 502 507 489 493 506 523 501 492 493 515 505 467 512 517 504 484 504 519 481 505 483 500 462 485 481 522 524 505 521 530 498 518 486 467 522 497 496 492 508 523 466 550 513 486 512 476 492 473 507 511 519 466 505 487 512 482 523 507 482 483 463 464 486 490 502 520 477 501 474 482 503 500 498 507 430 479 508 474 492 490 503 467 493 477 514 495 485 466 493 477 506 499 491 502 507 512 519 497 510 529 494 508 507 510 
549 544 557 553 575 565 569 528 579 545 555 554 559 540 534 515 523 568 542 565 547 528 548 548 549 532 538 541 559 564 546 537 530 563 548 504 568 555 556 525 544 557 545 566 533 553 517 553 524 569 563 542 573 553 533 560 548 510 573 541 530 539 557 586 514 590 557 521 559 538 537 530 557 567 558 515 559 526 561 537 573 543 520 544 508 503 521 537 572 578 533 550 532 533 547 563 542 555 475 520 542 515 534 527 563 524 545 542 567 543 557 532 542 540 564 540 538 543 564 561 565 538 559 586 540 555 555 564 
469 470 502 491 493 478 516 454 493 458 477 471 488 454 463 457 464 488 455 478 473 448 477 483 481 457 465 456 478 498 463 474 481 483 474 441 482 493 482 456 473 498 464 483 458 455 451 456 454 490 503 457 492 491 477 482 462 428 492 474 469 477 468 499 434 509 476 454 483 468 445 449 475 483 479 459 486 465 487 466 490 469 452 478 437 434 445 452 483 503 465 478 459 467 472 466 465 484 407 456 460 446 466 480 477 442 464 455 506 466 476 453 480 458 467 475 460 466 484 491 483 472 481 504 463 476 484 489 
555 538 563 552 587 555 565 549 578 532 557 539 561 543 540 529 518 555 520 568 540 539 562 544 556 546 553 543 561 568 552 531 534 564 551 512 564 558 549 534 548 570 544 557 523 533 514 543 535 549 563 544 575 580 541 572 546 502 578 539 550 543 556 576 503 591 559 525 567 534 518 520 568 559 548 504 552 522 548 559 583 540 515 538 522 499 526 515 567 571 521 564 529 528 560 571 547 558 468 536 565 521 538 544 549 509 544 533 563 552 562 521 543 522 557 562 525 556 551 548 556 544 555 588 540 554 557 561 
529 504 533 528 541 519 535 497 531 497 513 508 526 518 490 483 499 519 488 541 520 491 514 508 511 516 494 498 515 537 513 509 505 522 502 479 530 530 510 499 508 528 500 523 496 488 481 505 500 508 530 507 528 538 499 531 507 459 533 507 515 500 515 532 472 552 542 494 531 506 498 485 507 530 521 477 522 498 514 519 533 507 487 490 479 472 483 491 528 537 487 510 495 485 512 518 509 526 435 492 520 479 503 496 517 486 505 501 530 511 502 492 520 496 519 516 489 510 522 517 532 506 513 542 507 521 519 500 
511 501 527 514 515 511 525 486 526 494 505 513 506 517 487 475 486 511 489 512 500 493 500 500 505 497 501 502 504 528 505 495 506 516 506 482 538 525 503 486 505 498 500 529 503 498 473 496 494 513 519 499 529 525 506 522 499 474 533 509 514 503 508 533 474 544 519 490 517 491 495 478 497 522 512 479 508 492 514 500 529 517 453 496 477 460 474 493 500 534 491 502 478 492 526 514 493 508 448 492 501 490 503 491 520 486 512 484 539 494 489 482 499 487 525 509 494 499 502 515 530 493 519 536 495 500 518 511 
519 500 508 512 534 518 534 490 549 508 508 520 523 507 503 474 492 527 492 535 506 518 517 508 502 516 502 513 501 532 514 511 513 517 504 484 533 520 518 488 507 535 506 535 495 497 486 516 490 524 522 512 519 523 503 515 520 477 547 507 505 503 523 530 476 572 534 496 531 491 498 498 526 520 521 484 517 488 519 512 533 516 486 498 495 475 492 507 522 540 490 509 486 490 520 515 494 516 434 498 504 483 506 500 525 483 495 498 539 506 510 480 502 487 528 509 496 502 514 525 531 515 522 542 501 521 510 510 
510 489 521 528 539 527 533 474 533 487 501 496 514 493 488 482 499 527 480 524 511 507 508 486 506 501 493 496 503 509 518 491 496 518 514 484 517 504 517 486 510 511 506 522 493 502 482 512 491 521 517 496 533 521 503 525 511 462 544 493 507 496 511 545 476 540 516 478 521 497 502 472 513 533 540 489 517 490 513 520 529 498 474 489 480 460 495 495 530 520 492 509 481 481 499 511 494 516 434 487 499 498 489 498 513 484 490 504 534 505 513 473 500 487 531 507 493 498 509 517 521 507 514 544 486 512 505 523 
556 527 566 585 572 568 596 536 579 532 556 569 566 544 536 537 538 579 531 571 559 546 549 560 558 563 562 551 566 575 550 553 552 566 553 533 583 568 552 545 545 566 549 566 530 549 511 537 515 582 572 564 568 573 560 582 533 504 599 554 558 547 573 583 522 615 552 530 562 538 537 503 554 581 566 529 570 540 565 547 586 545 516 540 515 509 522 535 558 570 541 573 543 537 566 578 543 568 476 555 561 522 552 553 555 520 544 546 571 546 551 530 558 530 563 543 540 561 569 573 580 551 558 596 547 549 574 561 
498 496 529 520 521 522 535 478 525 484 506 511 519 495 498 485 485 526 482 511 510 495 506 503 502 503 494 490 520 529 505 494 505 518 493 472 527 512 514 486 498 512 509 510 492 499 476 487 492 510 526 497 527 514 500 526 493 471 530 499 499 500 532 546 472 526 524 481 530 478 488 472 519 532 519 479 515 483 524 505 530 501 480 490 464 470 490 488 509 542 493 515 478 491 501 523 496 513 449 485 499 468 494 491 512 481 506 491 528 502 504 487 495 488 520 522 481 499 516 509 528 508 513 526 512 506 530 509 
542 507 547 543 559 543 534 515 569 497 520 533 540 510 517 507 503 539 505 547 522 523 527 518 528 530 521 530 535 554 542 520 522 528 535 492 547 528 535 514 536 548 538 532 500 529 493 521 506 537 536 528 541 551 516 544 526 490 558 529 532 510 544 541 496 586 541 506 550 503 514 489 531 544 535 503 536 518 533 531 560 523 482 512 498 475 492 516 551 559 505 542 500 512 530 551 520 547 459 521 546 508 512 512 540 498 525 520 556 527 528 505 527 502 531 525 521 529 543 546 541 534 530 560 525 527 533 532 
509 512 557 534 533 530 542 504 533 493 528 518 543 514 517 502 501 538 511 536 513 521 520 523 528 521 531 534 527 549 527 526 514 535 517 497 535 550 526 505 527 538 523 532 505 518 497 516 511 544 546 523 547 544 529 535 508 492 562 524 505 517 542 557 487 570 543 504 541 510 511 500 538 542 532 496 540 496 521 513 542 518 490 516 485 474 503 505 538 556 494 525 497 522 531 533 499 532 455 510 534 488 518 517 523 490 527 514 553 520 523 494 515 504 529 523 508 530 535 543 534 533 527 564 510 535 535 535 
521 498 546 543 554 542 557 507 550 506 516 507 533 515 505 506 508 548 499 529 528 512 534 507 521 534 521 520 531 544 534 510 533 533 530 490 539 535 539 504 527 541 520 536 506 534 492 525 503 535 536 519 549 551 516 545 531 485 551 505 516 524 532 554 490 558 545 503 540 495 507 493 529 555 551 500 523 518 536 524 548 508 499 515 499 473 494 506 533 553 510 535 491 502 533 535 520 533 454 509 520 502 526 511 532 499 510 516 543 520 531 501 530 512 537 524 509 529 532 531 526 530 525 562 510 528 529 533 
505 505 524 527 531 510 535 479 542 502 501 500 517 517 483 463 492 528 489 525 513 500 503 508 504 491 502 487 530 538 516 500 507 520 505 473 523 511 512 484 516 500 508 522 503 498 471 493 477 530 522 508 540 528 503 512 498 464 544 487 499 500 510 533 477 536 517 476 520 490 475 464 519 511 509 488 514 482 513 515 532 501 476 497 488 473 483 498 516 527 489 517 478 495 508 516 498 506 440 491 498 475 500 505 522 478 517 495 526 490 501 477 502 499 511 496 497 518 525 520 520 501 508 546 506 504 517 523 
525 522 541 538 569 541 555 502 542 513 536 515 542 514 514 502 497 531 516 546 514 532 541 540 529 523 523 528 531 552 526 520 530 534 524 498 548 545 517 515 529 538 521 538 528 510 488 527 514 534 539 532 544 547 518 545 518 497 571 521 521 524 543 547 501 570 538 494 553 497 512 498 533 528 535 497 539 508 545 533 541 517 506 525 501 486 499 519 539 543 525 534 497 506 539 536 524 524 451 504 529 492 520 529 513 479 514 519 553 514 524 490 512 518 536 523 509 532 533 531 551 535 526 559 526 542 527 523 
508 490 519 502 514 509 517 467 509 485 493 490 505 497 474 466 474 517 479 519 497 477 492 490 491 488 481 490 491 521 495 487 494 492 476 454 515 507 485 477 499 499 491 525 487 489 477 492 479 494 517 478 510 505 480 498 489 462 518 496 482 490 486 512 470 528 499 481 523 501 467 474 503 515 504 471 508 482 492 489 519 485 461 478 461 449 472 482 517 525 481 497 480 479 495 492 493 495 437 479 475 467 495 493 492 468 497 479 528 491 491 476 507 475 520 490 481 486 515 512 504 496 496 550 498 496 506 493 
520 520 524 541 551 528 537 497 539 506 518 514 535 505 513 487 505 513 503 531 531 504 516 515 516 516 530 504 517 529 514 502 512 533 501 484 534 529 521 508 520 537 523 525 496 506 502 494 506 538 545 514 543 538 521 535 506 466 553 520 524 499 529 542 495 557 543 505 531 502 503 497 523 544 529 482 539 491 516 511 532 510 489 498 490 467 493 499 543 543 505 517 488 486 524 528 508 526 449 502 525 499 500 507 518 488 514 507 539 524 517 491 523 497 536 523 521 525 532 526 546 520 509 555 518 534 533 521 
536 505 545 544 554 541 557 512 549 515 537 522 541 521 512 507 528 560 501 541 531 520 536 506 520 523 513 518 540 556 538 519 520 547 521 500 538 536 523 495 522 549 521 555 516 522 504 523 504 549 550 518 551 538 526 554 527 485 564 535 530 511 540 556 494 577 546 519 548 519 515 498 532 549 553 498 554 505 535 533 560 517 486 518 504 488 509 508 550 565 509 539 513 521 533 523 525 544 473 520 529 499 524 521 534 504 521 527 556 533 531 514 529 514 550 537 523 541 538 539 539 523 537 567 528 540 540 537 
528 509 548 530 548 530 538 507 550 485 522 518 536 501 501 497 499 528 485 516 508 508 511 516 526 520 505 515 528 531 528 521 513 538 517 492 541 522 516 494 507 525 519 514 523 510 479 514 507 529 536 514 538 539 505 526 522 486 556 521 512 498 541 561 490 554 535 499 537 510 495 496 529 539 520 492 529 524 529 504 546 522 479 511 493 467 494 504 527 546 495 532 480 507 524 519 520 527 452 501 524 501 519 509 513 491 515 517 542 522 510 482 508 498 532 532 500 513 531 538 533 526 510 557 524 513 539 530 
532 512 546 531 539 541 560 508 543 515 531 541 541 518 517 493 511 536 506 539 532 525 536 513 529 516 540 530 535 562 523 527 523 547 528 493 550 539 537 512 537 539 523 552 523 522 503 528 510 542 544 528 551 550 526 552 537 489 569 542 528 514 543 550 494 561 540 516 554 508 506 496 541 541 536 500 558 506 535 514 546 529 491 525 501 475 512 506 549 559 520 534 501 520 537 553 529 525 459 499 523 493 517 523 526 499 527 529 563 522 522 510 526 508 538 538 514 517 542 536 544 534 532 573 527 549 546 531 
533 525 553 550 551 546 563 528 556 529 541 534 551 539 516 508 506 552 523 564 535 515 543 536 534 543 536 536 533 548 539 533 523 552 536 510 573 539 536 507 541 536 531 549 517 526 489 536 502 557 548 534 553 550 522 539 529 480 584 521 542 527 561 564 496 577 542 509 551 503 511 515 537 552 556 507 555 514 560 533 564 537 505 529 491 487 502 526 553 562 516 537 510 528 537 544 528 538 462 508 544 503 535 526 530 507 531 529 567 512 530 516 538 527 545 547 528 530 547 543 554 534 546 566 542 547 549 543 
523 523 530 540 547 535 542 517 549 513 519 514 530 522 512 503 502 534 513 523 525 515 515 528 497 534 493 499 524 541 533 519 514 534 518 489 545 529 512 503 525 532 510 534 516 491 482 504 496 543 546 524 532 541 519 526 517 485 552 503 515 513 524 555 490 558 541 495 553 512 507 502 520 544 550 490 538 496 539 513 556 518 491 512 503 480 508 499 538 541 507 524 484 506 534 515 504 524 448 494 529 492 509 512 515 490 502 511 555 522 523 498 515 498 533 513 506 533 535 547 530 532 520 564 519 527 532 538 
522 491 537 523 534 518 541 496 533 488 500 506 517 519 492 497 491 524 488 520 514 491 523 482 496 509 509 495 516 540 525 495 500 526 514 492 520 495 502 481 505 522 495 526 500 497 474 505 489 516 534 504 525 523 489 527 529 471 555 489 519 503 518 534 487 559 515 481 531 495 496 470 508 514 531 483 516 485 512 504 547 513 475 499 476 469 485 499 520 533 494 516 479 503 501 517 491 496 456 480 505 485 494 500 498 475 503 496 541 501 510 478 500 485 519 525 492 516 528 520 529 528 505 548 510 511 531 528 
532 505 535 536 546 526 553 521 557 512 519 532 542 519 532 497 509 546 505 540 525 513 531 522 524 531 518 521 526 539 528 511 529 550 533 493 534 534 528 504 519 547 527 528 511 513 491 518 492 547 530 526 543 534 528 534 517 471 561 508 526 528 529 545 496 570 535 493 543 509 506 503 525 547 548 494 533 504 527 534 547 516 497 505 493 475 510 498 544 545 508 534 505 511 528 538 518 539 453 522 524 496 503 512 530 503 513 518 551 528 525 502 515 513 558 519 510 519 542 523 539 530 525 568 528 538 528 539 
525 490 545 525 553 522 549 510 545 513 523 528 540 520 514 497 511 539 515 552 527 508 530 524 523 524 521 536 540 544 536 525 512 523 530 493 527 536 520 492 527 537 520 542 514 514 486 529 497 550 539 510 558 542 506 539 502 479 565 518 532 512 540 545 488 574 541 502 539 498 500 496 524 542 548 504 527 506 532 526 548 525 493 518 492 500 503 517 530 549 508 534 501 516 526 542 525 536 456 513 532 504 518 521 521 494 521 509 554 523 529 500 531 512 543 534 519 534 533 533 547 527 525 557 532 536 534 530 
500 484 519 517 529 510 521 482 530 499 521 508 507 494 491 470 487 516 493 517 502 493 489 502 492 488 499 497 495 528 506 508 493 516 487 476 525 522 510 492 505 504 496 522 490 497 467 507 485 505 512 514 521 528 505 532 496 455 538 506 497 497 518 530 470 524 521 496 520 488 486 479 489 518 512 489 526 482 499 508 523 514 463 501 481 451 466 494 529 513 480 493 483 471 520 520 497 517 431 484 505 482 502 488 495 480 495 486 534 502 509 492 494 489 527 495 486 505 506 501 535 501 509 544 500 521 505 506 
525 507 553 521 540 541 545 506 546 511 536 506 533 515 502 495 503 538 491 531 513 500 523 519 523 510 519 514 523 543 523 509 516 547 533 483 528 540 514 495 530 533 513 524 518 509 505 522 518 540 544 517 544 540 521 543 527 487 546 529 522 516 532 561 491 550 542 505 542 497 499 484 520 543 536 494 531 512 536 529 536 515 485 511 488 475 512 510 540 553 508 532 505 500 537 525 519 520 434 491 511 497 505 519 514 489 518 510 551 518 511 491 513 512 536 535 510 516 521 523 532 521 523 552 502 524 521 524 
516 499 532 515 537 529 539 501 532 493 515 521 528 499 494 489 489 511 495 527 509 495 511 512 504 505 505 490 518 533 509 523 518 517 523 476 523 519 518 496 502 528 508 522 491 507 471 513 505 523 525 517 533 540 498 529 510 467 548 507 499 505 517 537 469 563 523 489 520 510 494 493 521 539 527 483 513 498 522 498 534 511 495 507 474 481 484 495 526 537 480 510 497 497 512 523 516 526 425 499 514 486 512 503 509 472 501 500 537 501 502 492 506 499 519 504 500 516 530 525 521 504 529 540 496 512 519 519 
494 468 502 511 519 515 531 476 519 470 487 498 505 475 476 466 475 516 479 513 501 485 498 492 487 510 495 493 504 513 497 492 495 501 502 471 508 506 500 484 497 524 483 511 482 471 454 488 465 513 512 494 512 508 510 513 482 466 532 499 493 474 504 510 455 537 511 487 513 474 490 476 498 514 508 473 509 498 513 483 515 479 465 485 482 449 473 490 513 522 482 516 466 469 503 514 467 499 423 488 494 467 507 496 506 466 483 490 520 488 506 465 491 475 514 492 489 492 503 499 503 501 502 522 496 504 510 486 
509 494 521 530 529 529 536 489 543 493 507 523 526 503 505 498 504 523 499 532 511 498 498 511 519 515 517 501 505 528 525 515 507 540 514 481 528 520 510 487 515 520 513 509 498 512 463 498 494 522 539 509 544 535 505 513 503 474 549 499 521 505 533 545 483 557 527 500 532 498 498 489 521 547 535 482 525 498 528 509 544 507 474 496 484 479 499 501 527 528 505 533 490 505 516 519 505 517 441 504 497 490 503 511 503 493 500 498 546 508 508 478 515 496 525 515 502 514 531 524 534 520 521 539 511 516 535 521 
529 529 561 559 553 548 569 521 557 526 545 534 541 530 522 508 530 570 524 566 544 514 535 536 551 540 524 524 539 555 535 532 528 565 535 512 561 547 543 530 537 543 527 547 525 533 503 539 519 567 565 532 566 545 540 559 533 472 580 543 545 545 552 580 512 576 558 510 556 525 518 516 528 558 567 511 550 524 538 545 558 537 491 525 504 481 520 520 564 553 525 536 520 504 540 545 527 546 458 527 530 519 536 538 539 514 528 532 567 537 540 501 533 519 563 539 526 541 541 542 558 541 544 576 541 555 541 553 
539 512 545 546 563 522 548 518 560 503 530 526 547 528 512 504 500 545 489 548 533 523 536 535 539 538 512 519 541 556 531 516 523 544 526 503 542 542 524 527 524 535 527 556 514 517 500 524 523 550 535 514 556 553 525 558 530 489 572 538 531 521 540 566 491 575 547 502 544 508 523 492 531 550 534 509 539 522 543 541 556 517 505 528 519 480 508 508 550 555 520 537 490 514 540 532 516 541 464 500 535 503 517 520 536 502 523 521 557 535 537 490 538 496 563 518 527 531 541 547 533 539 538 569 534 538 548 541 
526 510 538 535 555 526 545 516 548 497 524 519 549 513 520 497 502 536 501 535 517 523 532 512 522 533 523 535 527 550 529 515 509 549 519 491 539 526 519 502 525 552 512 541 503 505 491 520 499 540 540 531 542 543 522 544 527 478 564 523 517 504 542 562 484 578 540 502 544 494 516 499 539 538 531 479 538 509 531 518 544 516 506 505 496 474 504 505 553 545 495 523 493 516 527 532 516 520 454 518 535 502 513 516 515 486 515 527 541 530 534 481 518 505 535 523 502 526 530 532 537 525 528 569 526 536 541 532 
522 498 524 539 536 523 544 506 534 486 525 506 521 509 507 486 477 520 482 530 499 500 511 521 508 513 500 511 507 535 515 512 501 537 510 470 527 525 505 494 517 536 501 508 503 494 464 503 480 523 525 527 543 542 518 524 499 473 542 505 509 493 527 540 473 554 508 497 520 501 486 489 534 516 511 498 515 485 516 501 544 513 485 495 487 471 501 498 528 538 491 505 499 496 512 500 505 520 431 494 523 487 527 502 510 474 499 482 547 498 503 483 508 496 519 523 486 515 529 522 527 506 514 540 495 510 511 519 
533 509 533 548 560 541 547 507 551 501 529 514 542 508 512 497 499 528 492 542 528 496 513 535 535 540 518 523 530 545 531 531 518 538 517 490 531 538 517 514 529 552 517 530 507 515 487 511 515 525 550 534 563 549 511 551 512 480 558 529 532 515 551 546 491 564 537 492 538 497 502 510 536 531 537 500 552 509 524 521 545 522 505 507 489 478 496 508 524 547 497 532 497 502 526 523 528 540 449 511 532 505 518 512 508 487 521 518 551 524 516 498 535 505 541 520 512 525 529 542 549 530 517 568 518 547 541 524 
480 468 498 516 522 485 519 471 522 464 494 482 506 471 476 464 479 501 461 508 487 489 476 485 486 484 498 488 497 513 492 475 490 497 494 474 502 501 493 472 490 509 492 512 473 483 463 486 471 506 501 483 500 522 483 530 489 446 511 488 493 482 490 516 451 535 508 474 506 475 469 456 494 505 499 467 504 480 489 500 513 492 467 464 475 440 484 473 518 521 463 497 460 469 498 501 479 494 418 469 501 467 487 481 493 460 482 496 522 495 496 470 492 470 505 493 478 492 490 500 496 489 488 522 487 498 500 504 
522 495 528 517 539 513 518 502 537 494 514 498 513 511 493 482 506 524 496 539 504 495 506 510 520 507 510 499 508 518 512 501 504 514 511 485 529 525 505 490 502 520 507 524 497 499 480 521 490 529 521 504 544 518 510 519 500 478 553 497 502 497 515 530 476 547 530 480 518 488 477 471 506 532 516 484 508 497 501 520 528 508 470 500 476 477 486 500 524 526 505 511 492 484 519 525 507 533 431 497 515 485 509 509 520 480 508 492 534 507 519 482 507 505 543 517 501 502 512 512 513 501 504 550 497 519 507 512 
539 509 539 543 564 534 552 511 577 520 515 523 550 514 513 502 513 540 511 538 527 539 531 522 524 536 516 518 545 540 539 534 525 538 517 503 546 537 541 515 522 545 543 547 515 510 485 520 507 538 544 524 565 542 508 547 518 494 575 528 526 502 547 541 490 578 538 505 553 510 510 495 540 556 547 511 549 515 541 545 566 525 501 520 503 497 516 522 530 538 507 543 492 516 524 545 507 549 471 506 539 513 509 527 528 499 530 509 552 531 528 500 534 506 549 527 531 531 550 547 559 537 536 578 539 535 540 529 
501 482 523 504 529 510 529 485 520 474 498 497 501 490 466 471 492 510 482 503 506 476 488 482 493 483 502 494 511 530 503 487 486 507 506 458 494 503 489 480 503 506 489 506 492 496 457 505 480 509 516 505 507 507 498 522 486 452 527 495 484 475 517 524 461 528 507 467 508 478 475 457 489 511 507 473 507 480 513 495 511 492 474 482 471 460 482 491 510 514 480 509 485 469 521 519 492 500 423 473 490 458 479 493 498 455 494 486 508 495 500 464 499 490 514 496 487 505 495 495 520 493 495 537 490 500 503 498 
537 532 551 542 561 543 560 510 561 517 523 532 537 521 507 502 490 543 503 544 518 530 527 534 525 531 520 530 523 562 547 526 537 551 529 502 554 540 527 507 528 537 544 542 511 526 492 521 509 546 533 545 551 553 525 541 517 490 572 543 540 511 563 559 505 574 532 515 544 522 526 507 542 544 539 518 544 519 554 530 570 524 501 516 521 480 508 531 527 555 507 538 497 500 548 537 510 532 459 516 529 505 528 516 532 503 531 516 564 517 524 506 523 509 548 531 526 524 540 540 556 544 544 576 528 536 543 531 
515 500 537 530 546 530 542 492 533 487 509 507 532 503 494 489 484 531 496 531 505 500 521 504 514 519 512 513 523 525 526 511 511 515 494 487 533 520 512 485 510 511 513 524 501 490 475 511 494 525 533 503 528 540 508 505 516 481 559 504 506 506 537 529 469 545 520 481 541 482 488 482 525 516 516 498 517 502 517 524 543 504 481 505 493 478 492 512 533 534 497 522 484 498 510 512 513 515 442 477 525 483 513 495 503 487 502 502 542 502 517 491 520 502 521 524 502 509 529 530 529 532 496 552 513 527 514 519 
528 516 543 538 537 536 557 504 546 506 525 535 541 511 521 495 501 536 510 547 525 516 540 519 521 526 527 525 538 548 522 522 532 541 522 495 541 534 540 512 530 535 524 541 509 504 488 510 510 541 560 523 533 542 524 547 533 484 563 529 518 523 529 551 490 581 524 497 559 516 514 502 537 535 535 496 527 508 532 524 546 522 490 514 489 483 506 500 549 554 507 532 513 519 532 532 515 541 461 516 529 485 515 519 524 498 529 516 568 521 521 495 521 508 531 523 508 529 539 545 545 524 540 559 526 538 528 530 
552 523 565 575 576 550 572 537 569 528 550 547 558 538 530 521 526 565 534 562 538 532 539 549 540 565 545 552 547 576 551 538 536 569 536 517 571 562 543 534 535 561 548 560 546 540 510 550 521 557 575 547 576 571 544 572 546 506 584 554 557 534 567 576 512 607 569 519 554 517 523 513 553 561 551 523 565 525 556 548 591 546 513 540 518 522 520 540 560 576 526 551 533 531 549 557 537 562 467 533 557 530 553 531 547 524 538 540 571 543 558 524 556 527 570 544 539 551 555 557 568 549 548 587 541 566 558 556 
498 466 510 506 511 506 518 466 525 481 502 505 504 491 489 480 486 516 478 504 489 486 501 491 486 487 496 488 492 514 519 499 501 507 504 479 515 509 492 491 503 507 495 501 499 498 444 484 479 506 515 497 510 526 492 507 496 468 525 505 494 484 507 505 467 541 506 479 518 483 498 469 488 505 514 466 496 485 498 505 514 494 451 493 467 447 459 487 504 522 483 508 473 494 501 502 492 516 439 485 492 483 499 484 499 479 490 492 536 498 472 479 492 482 499 492 486 508 502 508 520 515 509 533 490 488 513 495 
494 469 517 518 521 517 533 474 524 479 495 493 511 487 492 473 476 517 475 522 493 496 495 487 506 500 498 501 511 521 525 499 486 514 501 473 513 503 507 473 504 510 500 520 490 498 457 493 478 509 504 504 517 526 480 510 502 459 536 491 498 493 515 530 470 549 499 473 535 490 472 470 513 524 520 474 504 483 507 502 527 491 469 488 484 460 488 480 514 511 485 514 475 483 507 512 507 491 430 483 497 474 483 489 496 462 499 503 530 488 498 460 488 489 509 500 494 491 512 516 514 511 499 537 505 511 489 509 
520 509 550 549 544 544 546 505 561 504 527 518 532 515 495 485 500 533 503 535 523 505 543 536 533 513 514 518 540 544 531 517 521 550 533 496 558 530 534 520 527 527 524 539 511 531 483 535 494 540 544 527 549 543 509 540 518 489 554 539 530 512 535 558 480 572 538 518 532 508 512 496 527 554 539 506 536 514 543 520 529 524 489 508 500 486 506 514 541 538 501 535 504 494 536 538 527 531 451 507 523 495 534 504 533 499 533 502 555 508 518 503 522 499 551 515 521 540 527 540 547 519 533 568 520 522 537 539 
567 536 560 554 574 562 579 536 580 529 546 534 570 545 530 522 520 567 510 581 545 538 549 548 543 552 553 544 550 566 559 546 547 559 536 524 564 555 556 523 542 570 544 572 523 532 511 544 533 561 573 535 557 565 554 565 546 502 582 548 544 544 549 578 507 598 557 527 565 532 527 532 559 561 562 521 550 535 561 551 580 544 522 521 512 507 523 539 561 578 508 549 527 523 550 557 531 549 488 536 535 508 540 534 562 519 548 535 568 553 548 522 534 522 561 556 537 548 550 556 571 544 557 584 536 551 564 543 
